<html>
<head><meta charset="utf-8" /></head>

<body>
    <h1>Hello world!</h1>
    <a href="map_plot.html">Map</a>
    <a href="bar_chart_simple.html">Bar chart</a>
    <a href="pairwise_graphs.html">Pairwise chart</a>
</body>

<body>
<div>                        <script type="text/javascript">window.PlotlyConfig = {MathJaxConfig: 'local'};</script>
        <script src="https://cdn.plot.ly/plotly-2.12.1.min.js"></script>                <div id="430219f3-2d89-4f84-9a3c-55301240ba2d" class="plotly-graph-div" style="height:800px; width:800px;"></div>            <script type="text/javascript">                                    window.PLOTLYENV=window.PLOTLYENV || {};                                    if (document.getElementById("430219f3-2d89-4f84-9a3c-55301240ba2d")) {                    Plotly.newPlot(                        "430219f3-2d89-4f84-9a3c-55301240ba2d",                        [{"hoverinfo":"text","marker":{"color":"rgb(61,153,112)"},"mode":"lines","x":[25.0,25.0,35.0,35.0],"xaxis":"x","y":[0.0,0.036299833695182464,0.036299833695182464,0.0],"yaxis":"y2","type":"scatter"},{"hoverinfo":"text","marker":{"color":"rgb(61,153,112)"},"mode":"lines","x":[65.0,65.0,75.0,75.0],"xaxis":"x","y":[0.0,0.007384655948082055,0.007384655948082055,0.0],"yaxis":"y2","type":"scatter"},{"hoverinfo":"text","marker":{"color":"rgb(61,153,112)"},"mode":"lines","x":[55.0,55.0,70.0,70.0],"xaxis":"x","y":[0.0,0.020552360484247433,0.020552360484247433,0.007384655948082055],"yaxis":"y2","type":"scatter"},{"hoverinfo":"text","marker":{"color":"rgb(61,153,112)"},"mode":"lines","x":[45.0,45.0,62.5,62.5],"xaxis":"x","y":[0.0,0.05789502598682068,0.05789502598682068,0.020552360484247433],"yaxis":"y2","type":"scatter"},{"hoverinfo":"text","marker":{"color":"rgb(61,153,112)"},"mode":"lines","x":[30.0,30.0,53.75,53.75],"xaxis":"x","y":[0.036299833695182464,0.11487815901849635,0.11487815901849635,0.05789502598682068],"yaxis":"y2","type":"scatter"},{"hoverinfo":"text","marker":{"color":"rgb(61,153,112)"},"mode":"lines","x":[15.0,15.0,41.875,41.875],"xaxis":"x","y":[0.0,0.15434888805932964,0.15434888805932964,0.11487815901849635],"yaxis":"y2","type":"scatter"},{"hoverinfo":"text","marker":{"color":"rgb(61,153,112)"},"mode":"lines","x":[85.0,85.0,95.0,95.0],"xaxis":"x","y":[0.0,0.09057094851460178,0.09057094851460178,0.0],"yaxis":"y2","type":"scatter"},{"hoverinfo":"text","marker":{"color":"rgb(61,153,112)"},"mode":"lines","x":[105.0,105.0,115.0,115.0],"xaxis":"x","y":[0.0,0.044772142136017753,0.044772142136017753,0.0],"yaxis":"y2","type":"scatter"},{"hoverinfo":"text","marker":{"color":"rgb(61,153,112)"},"mode":"lines","x":[125.0,125.0,135.0,135.0],"xaxis":"x","y":[0.0,0.027474285810920665,0.027474285810920665,0.0],"yaxis":"y2","type":"scatter"},{"hoverinfo":"text","marker":{"color":"rgb(61,153,112)"},"mode":"lines","x":[155.0,155.0,165.0,165.0],"xaxis":"x","y":[0.0,0.031179263667276514,0.031179263667276514,0.0],"yaxis":"y2","type":"scatter"},{"hoverinfo":"text","marker":{"color":"rgb(61,153,112)"},"mode":"lines","x":[145.0,145.0,160.0,160.0],"xaxis":"x","y":[0.0,0.04254251469824617,0.04254251469824617,0.031179263667276514],"yaxis":"y2","type":"scatter"},{"hoverinfo":"text","marker":{"color":"rgb(61,153,112)"},"mode":"lines","x":[130.0,130.0,152.5,152.5],"xaxis":"x","y":[0.027474285810920665,0.05634062946019915,0.05634062946019915,0.04254251469824617],"yaxis":"y2","type":"scatter"},{"hoverinfo":"text","marker":{"color":"rgb(61,153,112)"},"mode":"lines","x":[110.0,110.0,141.25,141.25],"xaxis":"x","y":[0.044772142136017753,0.11282616265706932,0.11282616265706932,0.05634062946019915],"yaxis":"y2","type":"scatter"},{"hoverinfo":"text","marker":{"color":"rgb(61,153,112)"},"mode":"lines","x":[90.0,90.0,125.625,125.625],"xaxis":"x","y":[0.09057094851460178,0.19161136307372462,0.19161136307372462,0.11282616265706932],"yaxis":"y2","type":"scatter"},{"hoverinfo":"text","marker":{"color":"rgb(61,153,112)"},"mode":"lines","x":[28.4375,28.4375,107.8125,107.8125],"xaxis":"x","y":[0.15434888805932964,0.22165046903930902,0.22165046903930902,0.19161136307372462],"yaxis":"y2","type":"scatter"},{"hoverinfo":"text","marker":{"color":"rgb(61,153,112)"},"mode":"lines","x":[175.0,175.0,185.0,185.0],"xaxis":"x","y":[0.0,0.3418524548611337,0.3418524548611337,0.0],"yaxis":"y2","type":"scatter"},{"hoverinfo":"text","marker":{"color":"rgb(61,153,112)"},"mode":"lines","x":[68.125,68.125,180.0,180.0],"xaxis":"x","y":[0.22165046903930902,0.6583289570760505,0.6583289570760505,0.3418524548611337],"yaxis":"y2","type":"scatter"},{"hoverinfo":"text","marker":{"color":"rgb(0,116,217)"},"mode":"lines","x":[5.0,5.0,124.0625,124.0625],"xaxis":"x","y":[0.0,1.1562796707350287,1.1562796707350287,0.6583289570760505],"yaxis":"y2","type":"scatter"},{"hoverinfo":"text","marker":{"color":"rgb(61,153,112)"},"mode":"lines","x":[-0.0,-0.036299833695182464,-0.036299833695182464,-0.0],"xaxis":"x2","y":[25.0,25.0,35.0,35.0],"yaxis":"y","type":"scatter"},{"hoverinfo":"text","marker":{"color":"rgb(61,153,112)"},"mode":"lines","x":[-0.0,-0.007384655948082055,-0.007384655948082055,-0.0],"xaxis":"x2","y":[65.0,65.0,75.0,75.0],"yaxis":"y","type":"scatter"},{"hoverinfo":"text","marker":{"color":"rgb(61,153,112)"},"mode":"lines","x":[-0.0,-0.020552360484247433,-0.020552360484247433,-0.007384655948082055],"xaxis":"x2","y":[55.0,55.0,70.0,70.0],"yaxis":"y","type":"scatter"},{"hoverinfo":"text","marker":{"color":"rgb(61,153,112)"},"mode":"lines","x":[-0.0,-0.05789502598682068,-0.05789502598682068,-0.020552360484247433],"xaxis":"x2","y":[45.0,45.0,62.5,62.5],"yaxis":"y","type":"scatter"},{"hoverinfo":"text","marker":{"color":"rgb(61,153,112)"},"mode":"lines","x":[-0.036299833695182464,-0.11487815901849635,-0.11487815901849635,-0.05789502598682068],"xaxis":"x2","y":[30.0,30.0,53.75,53.75],"yaxis":"y","type":"scatter"},{"hoverinfo":"text","marker":{"color":"rgb(61,153,112)"},"mode":"lines","x":[-0.0,-0.15434888805932964,-0.15434888805932964,-0.11487815901849635],"xaxis":"x2","y":[15.0,15.0,41.875,41.875],"yaxis":"y","type":"scatter"},{"hoverinfo":"text","marker":{"color":"rgb(61,153,112)"},"mode":"lines","x":[-0.0,-0.09057094851460178,-0.09057094851460178,-0.0],"xaxis":"x2","y":[85.0,85.0,95.0,95.0],"yaxis":"y","type":"scatter"},{"hoverinfo":"text","marker":{"color":"rgb(61,153,112)"},"mode":"lines","x":[-0.0,-0.044772142136017753,-0.044772142136017753,-0.0],"xaxis":"x2","y":[105.0,105.0,115.0,115.0],"yaxis":"y","type":"scatter"},{"hoverinfo":"text","marker":{"color":"rgb(61,153,112)"},"mode":"lines","x":[-0.0,-0.027474285810920665,-0.027474285810920665,-0.0],"xaxis":"x2","y":[125.0,125.0,135.0,135.0],"yaxis":"y","type":"scatter"},{"hoverinfo":"text","marker":{"color":"rgb(61,153,112)"},"mode":"lines","x":[-0.0,-0.031179263667276514,-0.031179263667276514,-0.0],"xaxis":"x2","y":[155.0,155.0,165.0,165.0],"yaxis":"y","type":"scatter"},{"hoverinfo":"text","marker":{"color":"rgb(61,153,112)"},"mode":"lines","x":[-0.0,-0.04254251469824617,-0.04254251469824617,-0.031179263667276514],"xaxis":"x2","y":[145.0,145.0,160.0,160.0],"yaxis":"y","type":"scatter"},{"hoverinfo":"text","marker":{"color":"rgb(61,153,112)"},"mode":"lines","x":[-0.027474285810920665,-0.05634062946019915,-0.05634062946019915,-0.04254251469824617],"xaxis":"x2","y":[130.0,130.0,152.5,152.5],"yaxis":"y","type":"scatter"},{"hoverinfo":"text","marker":{"color":"rgb(61,153,112)"},"mode":"lines","x":[-0.044772142136017753,-0.11282616265706932,-0.11282616265706932,-0.05634062946019915],"xaxis":"x2","y":[110.0,110.0,141.25,141.25],"yaxis":"y","type":"scatter"},{"hoverinfo":"text","marker":{"color":"rgb(61,153,112)"},"mode":"lines","x":[-0.09057094851460178,-0.19161136307372462,-0.19161136307372462,-0.11282616265706932],"xaxis":"x2","y":[90.0,90.0,125.625,125.625],"yaxis":"y","type":"scatter"},{"hoverinfo":"text","marker":{"color":"rgb(61,153,112)"},"mode":"lines","x":[-0.15434888805932964,-0.22165046903930902,-0.22165046903930902,-0.19161136307372462],"xaxis":"x2","y":[28.4375,28.4375,107.8125,107.8125],"yaxis":"y","type":"scatter"},{"hoverinfo":"text","marker":{"color":"rgb(61,153,112)"},"mode":"lines","x":[-0.0,-0.3418524548611337,-0.3418524548611337,-0.0],"xaxis":"x2","y":[175.0,175.0,185.0,185.0],"yaxis":"y","type":"scatter"},{"hoverinfo":"text","marker":{"color":"rgb(61,153,112)"},"mode":"lines","x":[-0.22165046903930902,-0.6583289570760505,-0.6583289570760505,-0.3418524548611337],"xaxis":"x2","y":[68.125,68.125,180.0,180.0],"yaxis":"y","type":"scatter"},{"hoverinfo":"text","marker":{"color":"rgb(0,116,217)"},"mode":"lines","x":[-0.0,-1.1562796707350287,-1.1562796707350287,-0.6583289570760505],"xaxis":"x2","y":[5.0,5.0,124.0625,124.0625],"yaxis":"y","type":"scatter"},{"colorscale":[[0.0,"rgb(103,0,31)"],[0.1,"rgb(178,24,43)"],[0.2,"rgb(214,96,77)"],[0.3,"rgb(244,165,130)"],[0.4,"rgb(253,219,199)"],[0.5,"rgb(247,247,247)"],[0.6,"rgb(209,229,240)"],[0.7,"rgb(146,197,222)"],[0.8,"rgb(67,147,195)"],[0.9,"rgb(33,102,172)"],[1.0,"rgb(5,48,97)"]],"x":[5.0,15.0,25.0,35.0,45.0,55.0,65.0,75.0,85.0,95.0,105.0,115.0,125.0,135.0,145.0,155.0,165.0,175.0,185.0],"y":[5.0,15.0,25.0,35.0,45.0,55.0,65.0,75.0,85.0,95.0,105.0,115.0,125.0,135.0,145.0,155.0,165.0,175.0,185.0],"z":[[0.0,0.9829742840851586,1.070881663982642,1.0625026597482143,1.0518000676125174,1.0867825307269794,1.0753060520725637,1.0743453530306428,1.0043983499517175,1.0135896523898682,1.1562796707350287,1.1511662494271844,1.1440577727137455,1.1326680981439048,1.1190305246958625,1.1186943876222708,1.12176835616042,0.8776438246771198,0.701618736815445],[0.9829742840851586,0.0,0.15059151567497003,0.14152023259248003,0.13563546958665948,0.15434888805932964,0.15217372321677414,0.14991729237949059,0.18166430138112538,0.17390960544305728,0.22165046903930902,0.20687847653252922,0.2181462660173214,0.21261363875947892,0.2023342152534698,0.20755365107360144,0.2010862060831063,0.30620320459850336,0.5236768320783073],[1.070881663982642,0.15059151567497003,0.0,0.036299833695182464,0.11487815901849635,0.10397056182174022,0.10774777688824208,0.10579320429132195,0.16890035586593324,0.13050092498528348,0.13017777177781398,0.11431677150218865,0.13636439759814395,0.13300668000036373,0.13179029925258198,0.1383934194382036,0.13121442263525623,0.36104241949148985,0.6027083643714258],[1.0625026597482143,0.14152023259248003,0.036299833695182464,0.0,0.10431462927802196,0.08978147767176335,0.09385134557904187,0.09211788895245335,0.1710226711277267,0.13876597631036316,0.1380897220061328,0.11801864460930356,0.14489461273912135,0.14223721151076757,0.1450323504478695,0.14983973256221603,0.1406084652325886,0.35582762053464667,0.5951440774154535],[1.0518000676125174,0.13563546958665948,0.11487815901849635,0.10431462927802196,0.0,0.05789502598682068,0.046617001946776496,0.04489017710605056,0.2147436075206366,0.17228349777072186,0.17647050660826616,0.15279209475574515,0.1719010753032088,0.1707897208433355,0.17252662559337173,0.174312366380127,0.16605987235750896,0.36609390398637204,0.6073826567200685],[1.0867825307269794,0.15434888805932964,0.10397056182174022,0.08978147767176335,0.05789502598682068,0.0,0.019198563705807727,0.020552360484247433,0.2161917612331383,0.1793687284770983,0.14820038399266688,0.11546171389825659,0.15268900713477207,0.15338183426601207,0.1665539758733792,0.16896412583129325,0.16158016167505965,0.38926682057487916,0.6355600129157087],[1.0753060520725637,0.15217372321677414,0.10774777688824208,0.09385134557904187,0.046617001946776496,0.019198563705807727,0.0,0.007384655948082055,0.2199269303918328,0.1821531932262831,0.16010748652876342,0.12970444979736043,0.16035066541588197,0.16125215268403653,0.17072748885030659,0.17391016024987202,0.16786946332404915,0.3841395096584692,0.6320506272758719],[1.0743453530306428,0.14991729237949059,0.10579320429132195,0.09211788895245335,0.04489017710605056,0.020552360484247433,0.007384655948082055,0.0,0.21997446017842165,0.1812325224893691,0.16240828079962474,0.1317678743481497,0.16338505528157196,0.16390823103307994,0.17254965401489158,0.17616309602578156,0.16957408988929906,0.38582168085524504,0.6311686031227719],[1.0043983499517175,0.18166430138112538,0.16890035586593324,0.1710226711277267,0.2147436075206366,0.2161917612331383,0.2199269303918328,0.21997446017842165,0.0,0.09057094851460178,0.18253049126861717,0.19161136307372462,0.18909123423894214,0.1683832417382289,0.17763856837473918,0.16819399052612874,0.17104930506658603,0.28235458296174526,0.49734818303984446],[1.0135896523898682,0.17390960544305728,0.13050092498528348,0.13876597631036316,0.17228349777072186,0.1793687284770983,0.1821531932262831,0.1812325224893691,0.09057094851460178,0.0,0.17320123689740477,0.17386169659938905,0.18183885597884622,0.16185649111272557,0.174234734726425,0.1659408989566393,0.16331329589118895,0.31582185218705056,0.5246115668821897],[1.1562796707350287,0.22165046903930902,0.13017777177781398,0.1380897220061328,0.17647050660826616,0.14820038399266688,0.16010748652876342,0.16240828079962474,0.18253049126861717,0.17320123689740477,0.0,0.044772142136017753,0.04672667206918934,0.04375920637052715,0.08512570235183768,0.07684325724518509,0.0753504326913022,0.3809352824382765,0.6465601897109705],[1.1511662494271844,0.20687847653252922,0.11431677150218865,0.11801864460930356,0.15279209475574515,0.11546171389825659,0.12970444979736043,0.1317678743481497,0.19161136307372462,0.17386169659938905,0.044772142136017753,0.0,0.07766961869451727,0.07649837641837934,0.11282616265706932,0.1077222268203862,0.10381093813999302,0.39953322851292167,0.6583289570760505],[1.1440577727137455,0.2181462660173214,0.13636439759814395,0.14489461273912135,0.1719010753032088,0.15268900713477207,0.16035066541588197,0.16338505528157196,0.18909123423894214,0.18183885597884622,0.04672667206918934,0.07766961869451727,0.0,0.027474285810920665,0.05147845065585567,0.04781217660422577,0.05493511577570683,0.3547549966114427,0.6361933233565933],[1.1326680981439048,0.21261363875947892,0.13300668000036373,0.14223721151076757,0.1707897208433355,0.15338183426601207,0.16125215268403653,0.16390823103307994,0.1683832417382289,0.16185649111272557,0.04375920637052715,0.07649837641837934,0.027474285810920665,0.0,0.05634062946019915,0.04362672761516165,0.05395847419603544,0.34878855553562294,0.6237174173726383],[1.1190305246958625,0.2023342152534698,0.13179029925258198,0.1450323504478695,0.17252662559337173,0.1665539758733792,0.17072748885030659,0.17254965401489158,0.17763856837473918,0.174234734726425,0.08512570235183768,0.11282616265706932,0.05147845065585567,0.05634062946019915,0.0,0.03136677984237705,0.04254251469824617,0.3282963694676222,0.6094905584591118],[1.1186943876222708,0.20755365107360144,0.1383934194382036,0.14983973256221603,0.174312366380127,0.16896412583129325,0.17391016024987202,0.17616309602578156,0.16819399052612874,0.1659408989566393,0.07684325724518509,0.1077222268203862,0.04781217660422577,0.04362672761516165,0.03136677984237705,0.0,0.031179263667276514,0.329640061164685,0.6082654961902478],[1.12176835616042,0.2010862060831063,0.13121442263525623,0.1406084652325886,0.16605987235750896,0.16158016167505965,0.16786946332404915,0.16957408988929906,0.17104930506658603,0.16331329589118895,0.0753504326913022,0.10381093813999302,0.05493511577570683,0.05395847419603544,0.04254251469824617,0.031179263667276514,0.0,0.332853595171487,0.6029210509337423],[0.8776438246771198,0.30620320459850336,0.36104241949148985,0.35582762053464667,0.36609390398637204,0.38926682057487916,0.3841395096584692,0.38582168085524504,0.28235458296174526,0.31582185218705056,0.3809352824382765,0.39953322851292167,0.3547549966114427,0.34878855553562294,0.3282963694676222,0.329640061164685,0.332853595171487,0.0,0.3418524548611337],[0.701618736815445,0.5236768320783073,0.6027083643714258,0.5951440774154535,0.6073826567200685,0.6355600129157087,0.6320506272758719,0.6311686031227719,0.49734818303984446,0.5246115668821897,0.6465601897109705,0.6583289570760505,0.6361933233565933,0.6237174173726383,0.6094905584591118,0.6082654961902478,0.6029210509337423,0.3418524548611337,0.0]],"type":"heatmap"}],                        {"autosize":false,"height":800,"hovermode":"closest","showlegend":false,"width":800,"xaxis":{"mirror":false,"rangemode":"tozero","showgrid":false,"showline":false,"showticklabels":true,"tickmode":"array","ticks":"","ticktext":["vomit","insomnia","cough","aching","diarrhea","nausea","heartburn","cramps","cold","breath","fever","headache","pneumonia","fatigue","flu","sweats","chills","unwell","sick"],"tickvals":[5.0,15.0,25.0,35.0,45.0,55.0,65.0,75.0,85.0,95.0,105.0,115.0,125.0,135.0,145.0,155.0,165.0,175.0,185.0],"type":"linear","zeroline":false,"domain":[0.15,1]},"yaxis":{"mirror":false,"rangemode":"tozero","showgrid":false,"showline":false,"showticklabels":false,"ticks":"","type":"linear","zeroline":false,"ticktext":["vomit","insomnia","cough","aching","diarrhea","nausea","heartburn","cramps","cold","breath","fever","headache","pneumonia","fatigue","flu","sweats","chills","unwell","sick"],"tickvals":[5.0,15.0,25.0,35.0,45.0,55.0,65.0,75.0,85.0,95.0,105.0,115.0,125.0,135.0,145.0,155.0,165.0,175.0,185.0],"domain":[0,0.85]},"template":{"data":{"histogram2dcontour":[{"type":"histogram2dcontour","colorbar":{"outlinewidth":0,"ticks":""},"colorscale":[[0.0,"#0d0887"],[0.1111111111111111,"#46039f"],[0.2222222222222222,"#7201a8"],[0.3333333333333333,"#9c179e"],[0.4444444444444444,"#bd3786"],[0.5555555555555556,"#d8576b"],[0.6666666666666666,"#ed7953"],[0.7777777777777778,"#fb9f3a"],[0.8888888888888888,"#fdca26"],[1.0,"#f0f921"]]}],"choropleth":[{"type":"choropleth","colorbar":{"outlinewidth":0,"ticks":""}}],"histogram2d":[{"type":"histogram2d","colorbar":{"outlinewidth":0,"ticks":""},"colorscale":[[0.0,"#0d0887"],[0.1111111111111111,"#46039f"],[0.2222222222222222,"#7201a8"],[0.3333333333333333,"#9c179e"],[0.4444444444444444,"#bd3786"],[0.5555555555555556,"#d8576b"],[0.6666666666666666,"#ed7953"],[0.7777777777777778,"#fb9f3a"],[0.8888888888888888,"#fdca26"],[1.0,"#f0f921"]]}],"heatmap":[{"type":"heatmap","colorbar":{"outlinewidth":0,"ticks":""},"colorscale":[[0.0,"#0d0887"],[0.1111111111111111,"#46039f"],[0.2222222222222222,"#7201a8"],[0.3333333333333333,"#9c179e"],[0.4444444444444444,"#bd3786"],[0.5555555555555556,"#d8576b"],[0.6666666666666666,"#ed7953"],[0.7777777777777778,"#fb9f3a"],[0.8888888888888888,"#fdca26"],[1.0,"#f0f921"]]}],"heatmapgl":[{"type":"heatmapgl","colorbar":{"outlinewidth":0,"ticks":""},"colorscale":[[0.0,"#0d0887"],[0.1111111111111111,"#46039f"],[0.2222222222222222,"#7201a8"],[0.3333333333333333,"#9c179e"],[0.4444444444444444,"#bd3786"],[0.5555555555555556,"#d8576b"],[0.6666666666666666,"#ed7953"],[0.7777777777777778,"#fb9f3a"],[0.8888888888888888,"#fdca26"],[1.0,"#f0f921"]]}],"contourcarpet":[{"type":"contourcarpet","colorbar":{"outlinewidth":0,"ticks":""}}],"contour":[{"type":"contour","colorbar":{"outlinewidth":0,"ticks":""},"colorscale":[[0.0,"#0d0887"],[0.1111111111111111,"#46039f"],[0.2222222222222222,"#7201a8"],[0.3333333333333333,"#9c179e"],[0.4444444444444444,"#bd3786"],[0.5555555555555556,"#d8576b"],[0.6666666666666666,"#ed7953"],[0.7777777777777778,"#fb9f3a"],[0.8888888888888888,"#fdca26"],[1.0,"#f0f921"]]}],"surface":[{"type":"surface","colorbar":{"outlinewidth":0,"ticks":""},"colorscale":[[0.0,"#0d0887"],[0.1111111111111111,"#46039f"],[0.2222222222222222,"#7201a8"],[0.3333333333333333,"#9c179e"],[0.4444444444444444,"#bd3786"],[0.5555555555555556,"#d8576b"],[0.6666666666666666,"#ed7953"],[0.7777777777777778,"#fb9f3a"],[0.8888888888888888,"#fdca26"],[1.0,"#f0f921"]]}],"mesh3d":[{"type":"mesh3d","colorbar":{"outlinewidth":0,"ticks":""}}],"scatter":[{"fillpattern":{"fillmode":"overlay","size":10,"solidity":0.2},"type":"scatter"}],"parcoords":[{"type":"parcoords","line":{"colorbar":{"outlinewidth":0,"ticks":""}}}],"scatterpolargl":[{"type":"scatterpolargl","marker":{"colorbar":{"outlinewidth":0,"ticks":""}}}],"bar":[{"error_x":{"color":"#2a3f5f"},"error_y":{"color":"#2a3f5f"},"marker":{"line":{"color":"#E5ECF6","width":0.5},"pattern":{"fillmode":"overlay","size":10,"solidity":0.2}},"type":"bar"}],"scattergeo":[{"type":"scattergeo","marker":{"colorbar":{"outlinewidth":0,"ticks":""}}}],"scatterpolar":[{"type":"scatterpolar","marker":{"colorbar":{"outlinewidth":0,"ticks":""}}}],"histogram":[{"marker":{"pattern":{"fillmode":"overlay","size":10,"solidity":0.2}},"type":"histogram"}],"scattergl":[{"type":"scattergl","marker":{"colorbar":{"outlinewidth":0,"ticks":""}}}],"scatter3d":[{"type":"scatter3d","line":{"colorbar":{"outlinewidth":0,"ticks":""}},"marker":{"colorbar":{"outlinewidth":0,"ticks":""}}}],"scattermapbox":[{"type":"scattermapbox","marker":{"colorbar":{"outlinewidth":0,"ticks":""}}}],"scatterternary":[{"type":"scatterternary","marker":{"colorbar":{"outlinewidth":0,"ticks":""}}}],"scattercarpet":[{"type":"scattercarpet","marker":{"colorbar":{"outlinewidth":0,"ticks":""}}}],"carpet":[{"aaxis":{"endlinecolor":"#2a3f5f","gridcolor":"white","linecolor":"white","minorgridcolor":"white","startlinecolor":"#2a3f5f"},"baxis":{"endlinecolor":"#2a3f5f","gridcolor":"white","linecolor":"white","minorgridcolor":"white","startlinecolor":"#2a3f5f"},"type":"carpet"}],"table":[{"cells":{"fill":{"color":"#EBF0F8"},"line":{"color":"white"}},"header":{"fill":{"color":"#C8D4E3"},"line":{"color":"white"}},"type":"table"}],"barpolar":[{"marker":{"line":{"color":"#E5ECF6","width":0.5},"pattern":{"fillmode":"overlay","size":10,"solidity":0.2}},"type":"barpolar"}],"pie":[{"automargin":true,"type":"pie"}]},"layout":{"autotypenumbers":"strict","colorway":["#636efa","#EF553B","#00cc96","#ab63fa","#FFA15A","#19d3f3","#FF6692","#B6E880","#FF97FF","#FECB52"],"font":{"color":"#2a3f5f"},"hovermode":"closest","hoverlabel":{"align":"left"},"paper_bgcolor":"white","plot_bgcolor":"#E5ECF6","polar":{"bgcolor":"#E5ECF6","angularaxis":{"gridcolor":"white","linecolor":"white","ticks":""},"radialaxis":{"gridcolor":"white","linecolor":"white","ticks":""}},"ternary":{"bgcolor":"#E5ECF6","aaxis":{"gridcolor":"white","linecolor":"white","ticks":""},"baxis":{"gridcolor":"white","linecolor":"white","ticks":""},"caxis":{"gridcolor":"white","linecolor":"white","ticks":""}},"coloraxis":{"colorbar":{"outlinewidth":0,"ticks":""}},"colorscale":{"sequential":[[0.0,"#0d0887"],[0.1111111111111111,"#46039f"],[0.2222222222222222,"#7201a8"],[0.3333333333333333,"#9c179e"],[0.4444444444444444,"#bd3786"],[0.5555555555555556,"#d8576b"],[0.6666666666666666,"#ed7953"],[0.7777777777777778,"#fb9f3a"],[0.8888888888888888,"#fdca26"],[1.0,"#f0f921"]],"sequentialminus":[[0.0,"#0d0887"],[0.1111111111111111,"#46039f"],[0.2222222222222222,"#7201a8"],[0.3333333333333333,"#9c179e"],[0.4444444444444444,"#bd3786"],[0.5555555555555556,"#d8576b"],[0.6666666666666666,"#ed7953"],[0.7777777777777778,"#fb9f3a"],[0.8888888888888888,"#fdca26"],[1.0,"#f0f921"]],"diverging":[[0,"#8e0152"],[0.1,"#c51b7d"],[0.2,"#de77ae"],[0.3,"#f1b6da"],[0.4,"#fde0ef"],[0.5,"#f7f7f7"],[0.6,"#e6f5d0"],[0.7,"#b8e186"],[0.8,"#7fbc41"],[0.9,"#4d9221"],[1,"#276419"]]},"xaxis":{"gridcolor":"white","linecolor":"white","ticks":"","title":{"standoff":15},"zerolinecolor":"white","automargin":true,"zerolinewidth":2},"yaxis":{"gridcolor":"white","linecolor":"white","ticks":"","title":{"standoff":15},"zerolinecolor":"white","automargin":true,"zerolinewidth":2},"scene":{"xaxis":{"backgroundcolor":"#E5ECF6","gridcolor":"white","linecolor":"white","showbackground":true,"ticks":"","zerolinecolor":"white","gridwidth":2},"yaxis":{"backgroundcolor":"#E5ECF6","gridcolor":"white","linecolor":"white","showbackground":true,"ticks":"","zerolinecolor":"white","gridwidth":2},"zaxis":{"backgroundcolor":"#E5ECF6","gridcolor":"white","linecolor":"white","showbackground":true,"ticks":"","zerolinecolor":"white","gridwidth":2}},"shapedefaults":{"line":{"color":"#2a3f5f"}},"annotationdefaults":{"arrowcolor":"#2a3f5f","arrowhead":0,"arrowwidth":1},"geo":{"bgcolor":"white","landcolor":"#E5ECF6","subunitcolor":"white","showland":true,"showlakes":true,"lakecolor":"white"},"title":{"x":0.05},"mapbox":{"style":"light"}}},"xaxis2":{"domain":[0,0.15],"mirror":false,"showgrid":false,"showline":false,"zeroline":false,"showticklabels":false,"ticks":""},"yaxis2":{"domain":[0.825,0.975],"mirror":false,"showgrid":false,"showline":false,"zeroline":false,"showticklabels":false,"ticks":""},"title":{"text":"Similarity of similarities from the entire time"}},                        {"responsive": true}                    )                };                            </script>        </div><div>                        <script type="text/javascript">window.PlotlyConfig = {MathJaxConfig: 'local'};</script>
